[loogo.jpg]
backuphash=23550
text=1;135;14;PAK CHINA NEWS;Arial;0.055358,0.683988,0.100000,0.000000;v1,4292232258,4293454056,128.000000,1.000000,0.500000,1.000000,700,2,49152;;
textactive=1
moddate=00a75c269bf4d101
